"Sequence","GeneID","Biotype","MeanPercentage","CumulativePercentage"
"ACGTCTGCCTGGGTGTCACA","AT2G01020,AT3G06355","lnc_RNA,rRNA",9.76,9.76
"GGCCGGGGGACGGACTGGGA","AT2G03875,AT3G06365","transcript_region",6.93,16.69
"CGGCTTGTCCCTTCGGTCGG","AT2G01010,AT3G41768,AT4G11830","protein,rRNA",3.67,20.36
"CTGTTTTTGGTCCCAAGGCT","AT2G03875,AT3G06365,AT3G28850,AT4G18230","protein,transcript_region",3.18,23.54
"CTGATGATTCATGATAACTC","AT2G01010,AT3G41768,AT3G42310","protein,rRNA",2.74,26.28
"ACGCATTTATTAGATAAAAG","AT2G01010,AT2G28630,AT3G41768","protein,rRNA",2.58,28.86
"CGAGGGCACGTCTGCCTGGG","AT2G01020,AT3G06355,AT4G25250","lnc_RNA,protein,rRNA",2.46,31.32
"CGAGGCAAACTCTGAATACT","AT5G08360,ATCG00950","protein,rRNA",1.34,32.66
"TGGATACTAGGCGCTGTGCG","ATCG00920","rRNA",1.3,33.96
"CGCACAGCGCCTAGTATCCA","ATCG01210","rRNA",1.3,35.26
"GATGCCGACCAGGGATCAGC","AT2G01010,AT3G41768","rRNA",1.25,36.5
"GCTCTCCCACAACCCCGTTT","ATCG01180","rRNA",1.21,37.71
"AAACGGGGTTGTGGGAGAGC","AT2G44735,ATCG00950","protein,rRNA",1.21,38.91
"TGCCGGCCGGGGGACGGACT","AT2G03875,AT3G06365","transcript_region",1.12,40.03
"GCGGGTGCACCGCCGACCGAC","AT3G06365","transcript_region",0.96,40.99
"TGGTCGGCTTGTCCCTTCGG","AT2G01010,AT3G41768,AT4G07875","rRNA,snRNA",0.91,41.9
"AGTATTCAGAGTTTGCCTCG","ATCG01180","rRNA",0.8,42.7
"CGTCGCTGCCGTGATCGTGG","AT3G06365","transcript_region",0.73,43.43
"GAAGGTCACGGCGAGACGAGC","ATCG00960","rRNA",0.72,44.15
"GCTCGTCTCGCCGTGACCTTC","ATCG01170","rRNA",0.71,44.85
"CGCGCTACACTGATGTATTCA","AT2G01010,AT3G41768","rRNA",0.69,45.54
"ATGATTAACAGGGACAGTCGGG","AT2G01010,AT3G41768","rRNA",0.59,46.13
"TGGAAGGGACGCATTTATTA","AT2G01010,AT3G41768","rRNA",0.58,46.72
"CCGACCCTCAGTAGGAGCTT","AT2G03875,AT3G06365","transcript_region",0.52,47.24
"CCACTTGACACCTATCGTAA","ATCG01170","rRNA",0.52,47.76
"TTACGATAGGTGTCAAGTGG","ATCG00960","rRNA",0.52,48.27
"GCCGCTCACGCCCGGTCGTA","AT2G03875,AT3G06365","transcript_region",0.48,48.75
"AGCCCAGCTTGAAAATCGGA","AT3G06365","transcript_region",0.46,49.21
"AAAATAGCTCGACGCCAGGA","ATCG00970","rRNA",0.45,49.66
"TCCTGGCGTCGAGCTATTTT","ATCG01160","rRNA",0.44,50.1
