"Sequence","GeneID","Biotype","MeanPercentage","CumulativePercentage"
"ACGTCTGCCTGGGTGTCACA","AT2G01020,AT3G06355","lnc_RNA,rRNA",12.52,12.52
"GGCCGGGGGACGGACTGGGA","AT2G03875,AT3G06365","transcript_region",7.04,19.56
"CTGTTTTTGGTCCCAAGGCT","AT2G03875,AT3G06365,AT3G28850,AT4G18230","protein,transcript_region",5.36,24.92
"CGGCTTGTCCCTTCGGTCGG","AT2G01010,AT3G41768,AT4G11830","protein,rRNA",4.12,29.04
"ACGCATTTATTAGATAAAAG","AT2G01010,AT2G28630,AT3G41768","protein,rRNA",2.86,31.91
"CGAGGGCACGTCTGCCTGGG","AT2G01020,AT3G06355,AT4G25250","lnc_RNA,protein,rRNA",2.64,34.54
"GATGCCGACCAGGGATCAGC","AT2G01010,AT3G41768","rRNA",1.9,36.44
"CTGATGATTCATGATAACTC","AT2G01010,AT3G41768,AT3G42310","protein,rRNA",1.7,38.15
"TGGAAGGGACGCATTTATTA","AT2G01010,AT3G41768","rRNA",1.64,39.79
"GCGGGTGCACCGCCGACCGAC","AT3G06365","transcript_region",1.63,41.42
"TGGTCGGCTTGTCCCTTCGG","AT2G01010,AT3G41768,AT4G07875","rRNA,snRNA",1.14,42.56
"CGAGGCAAACTCTGAATACT","AT5G08360,ATCG00950","protein,rRNA",1.12,43.68
"CGTCGCTGCCGTGATCGTGG","AT3G06365","transcript_region",1.05,44.73
"GGCGTTCGAATTGTAGTCTG","AT3G06365","transcript_region",0.97,45.71
"TGCCGGCCGGGGGACGGACT","AT2G03875,AT3G06365","transcript_region",0.83,46.54
"CGCGCTACACTGATGTATTCA","AT2G01010,AT3G41768","rRNA",0.81,47.35
"GCCGACCCTCAGTAGGAGCT","AT2G03875,AT3G06365,AT3G33181","transcript_region,transposable_element_gene",0.76,48.11
"CCGACCCTCAGTAGGAGCTT","AT2G03875,AT3G06365","transcript_region",0.71,48.82
"GCTCTCCCACAACCCCGTTT","ATCG01180","rRNA",0.7,49.52
"AAACGGGGTTGTGGGAGAGC","AT2G44735,ATCG00950","protein,rRNA",0.69,50.21
"TGGATACTAGGCGCTGTGCG","ATCG00920","rRNA",0.68,50.89
"CGCACAGCGCCTAGTATCCA","ATCG01210","rRNA",0.68,51.57
"AGTATTCAGAGTTTGCCTCG","ATCG01180","rRNA",0.66,52.23
"ATGATTAACAGGGACAGTCGGG","AT2G01010,AT3G41768","rRNA",0.64,52.87
"CCCCTTGGGGTTGTGGGACG","AT5G06520","protein",0.56,53.43
"GAAGGTCACGGCGAGACGAGC","ATCG00960","rRNA",0.48,53.9
"GCTCGTCTCGCCGTGACCTTC","ATCG01170","rRNA",0.48,54.38
"CCGGAGGTAGGGTCCAGCGG","AT2G03875,AT3G06365","transcript_region",0.34,54.72
"GTTGGTGGAGCGATTTGTCT","AT2G01010,AT3G41768,AT4G25230","protein,rRNA",0.34,55.06
"GGACCGACGCGGATTACGGT","AT2G01021,AT3G06365","protein,transcript_region",0.34,55.4
