"Sequence","GeneID","Biotype","MeanPercentage","CumulativePercentage"
"GGCCGGGGGACGGACTGGGA","AT2G03875,AT3G06365","transcript_region",13.19,13.19
"CGGCTTGTCCCTTCGGTCGG","AT2G01010,AT3G41768,AT4G11830","protein,rRNA",5.91,19.11
"ACGTCTGCCTGGGTGTCACA","AT2G01020,AT3G06355","lnc_RNA,rRNA",4.67,23.78
"CTGTTTTTGGTCCCAAGGCT","AT2G03875,AT3G06365,AT3G28850,AT4G18230","protein,transcript_region",2.92,26.7
"ACGCATTTATTAGATAAAAG","AT2G01010,AT2G28630,AT3G41768","protein,rRNA",2.53,29.23
"TGGAAGGGACGCATTTATTA","AT2G01010,AT3G41768","rRNA",2.36,31.6
"CGAGGCAAACTCTGAATACT","AT5G08360,ATCG00950","protein,rRNA",2.09,33.68
"ATGATTAACAGGGACAGTCGGG","AT2G01010,AT3G41768","rRNA",1.93,35.62
"GGCGTTCGAATTGTAGTCTG","AT3G06365","transcript_region",1.83,37.45
"TGGTCGGCTTGTCCCTTCGG","AT2G01010,AT3G41768,AT4G07875","rRNA,snRNA",1.78,39.23
"CGAGGGCACGTCTGCCTGGG","AT2G01020,AT3G06355,AT4G25250","lnc_RNA,protein,rRNA",1.72,40.94
"GATGCCGACCAGGGATCAGC","AT2G01010,AT3G41768","rRNA",1.69,42.64
"TGCCGGCCGGGGGACGGACT","AT2G03875,AT3G06365","transcript_region",1.5,44.13
"AGTATTCAGAGTTTGCCTCG","ATCG01180","rRNA",1.25,45.39
"TGGATACTAGGCGCTGTGCG","ATCG00920","rRNA",1.25,46.63
"CGCACAGCGCCTAGTATCCA","ATCG01210","rRNA",1.24,47.88
"GCTCGTCTCGCCGTGACCTTC","ATCG01170","rRNA",1.08,48.96
"GAAGGTCACGGCGAGACGAGC","ATCG00960","rRNA",1.08,50.04
"GCTCTCCCACAACCCCGTTT","ATCG01180","rRNA",1,51.04
"AAACGGGGTTGTGGGAGAGC","AT2G44735,ATCG00950","protein,rRNA",0.99,52.03
"CGTCGCTGCCGTGATCGTGG","AT3G06365","transcript_region",0.74,52.77
"CCGGAGGTAGGGTCCAGCGG","AT2G03875,AT3G06365","transcript_region",0.68,53.45
"CTGATGATTCATGATAACTC","AT2G01010,AT3G41768,AT3G42310","protein,rRNA",0.67,54.12
"AGCCCAGCTTGAAAATCGGA","AT3G06365","transcript_region",0.67,54.79
"AAATCTCAACCAGCCACTGC","AT1G05950,AT1G06260,AT1G18210,AT1G30170,AT1G35750,AT1G36920,AT1G52640,AT1G63660,AT1G69890,AT2G11890,AT2G36400,AT2G42400,AT3G06650,AT3G07460,AT3G30420,AT4G06686,AT4G16141,AT4G33830,AT4G33840,AT5G02120,AT5G03200,AT5G16260,AT5G22090,AT5G35930,AT5G41310,AT5G46820,AT5G48300,AT5G52260,AT5G63910","protein,transposable_element_gene",0.59,55.38
"CGCGCTACACTGATGTATTCA","AT2G01010,AT3G41768","rRNA",0.55,55.93
"GTTGGTGGAGCGATTTGTCT","AT2G01010,AT3G41768,AT4G25230","protein,rRNA",0.54,56.47
"GCGGGTGCACCGCCGACCGAC","AT3G06365","transcript_region",0.49,56.96
"CGGCCGGGGGACGGACTGGG","AT2G03875,AT2G41090,AT2G41640,AT3G06365","protein,transcript_region",0.39,57.35
"GCGTTCGAATTGTAGTCTGG","AT3G06365","transcript_region",0.37,57.72
