"Sequence","GeneID","Biotype","MeanPercentage","CumulativePercentage"
"GGCCGGGGGACGGACTGGGA","AT2G03875,AT3G06365","transcript_region",13.37,13.37
"ACGTCTGCCTGGGTGTCACA","AT2G01020,AT3G06355","lnc_RNA,rRNA",8.14,21.51
"CGGCTTGTCCCTTCGGTCGG","AT2G01010,AT3G41768,AT4G11830","protein,rRNA",4.76,26.27
"CTGTTTTTGGTCCCAAGGCT","AT2G03875,AT3G06365,AT3G28850,AT4G18230","protein,transcript_region",2.58,28.85
"AAACGGGGTTGTGGGAGAGC","AT2G44735,ATCG00950","protein,rRNA",2.28,31.13
"GCTCTCCCACAACCCCGTTT","ATCG01180","rRNA",2.28,33.41
"ACGCATTTATTAGATAAAAG","AT2G01010,AT2G28630,AT3G41768","protein,rRNA",2.25,35.65
"CGAGGGCACGTCTGCCTGGG","AT2G01020,AT3G06355,AT4G25250","lnc_RNA,protein,rRNA",1.99,37.65
"TGGATACTAGGCGCTGTGCG","ATCG00920","rRNA",1.57,39.21
"CGCACAGCGCCTAGTATCCA","ATCG01210","rRNA",1.56,40.78
"TGCCGGCCGGGGGACGGACT","AT2G03875,AT3G06365","transcript_region",1.44,42.22
"CTGATGATTCATGATAACTC","AT2G01010,AT3G41768,AT3G42310","protein,rRNA",1.43,43.66
"GATGCCGACCAGGGATCAGC","AT2G01010,AT3G41768","rRNA",1.36,45.01
"CGAGGCAAACTCTGAATACT","AT5G08360,ATCG00950","protein,rRNA",1.34,46.36
"TGGTCGGCTTGTCCCTTCGG","AT2G01010,AT3G41768,AT4G07875","rRNA,snRNA",1.33,47.69
"GCGGGTGCACCGCCGACCGAC","AT3G06365","transcript_region",0.92,48.61
"AGTATTCAGAGTTTGCCTCG","ATCG01180","rRNA",0.82,49.43
"CGCGCTACACTGATGTATTCA","AT2G01010,AT3G41768","rRNA",0.68,50.11
"AGCCCAGCTTGAAAATCGGA","AT3G06365","transcript_region",0.63,50.74
"GAAGGTCACGGCGAGACGAGC","ATCG00960","rRNA",0.62,51.36
"GCTCGTCTCGCCGTGACCTTC","ATCG01170","rRNA",0.62,51.98
"CGTCGCTGCCGTGATCGTGG","AT3G06365","transcript_region",0.62,52.6
"TGGAAGGGACGCATTTATTA","AT2G01010,AT3G41768","rRNA",0.56,53.16
"CCGACCCTCAGTAGGAGCTT","AT2G03875,AT3G06365","transcript_region",0.51,53.67
"CCGGAGGTAGGGTCCAGCGG","AT2G03875,AT3G06365","transcript_region",0.49,54.16
"ATGATTAACAGGGACAGTCGGG","AT2G01010,AT3G41768","rRNA",0.46,54.62
"GCCGCTCACGCCCGGTCGTA","AT2G03875,AT3G06365","transcript_region",0.45,55.07
"CCACTTGACACCTATCGTAA","ATCG01170","rRNA",0.45,55.52
"TTACGATAGGTGTCAAGTGG","ATCG00960","rRNA",0.44,55.96
"GTTGGTGGAGCGATTTGTCT","AT2G01010,AT3G41768,AT4G25230","protein,rRNA",0.43,56.4
