"Sequence","GeneID","Biotype","MeanPercentage","CumulativePercentage"
"ACGTCTGCCTGGGTGTCACA","AT2G01020,AT3G06355","lnc_RNA,rRNA",6.9,6.9
"GGCCGGGGGACGGACTGGGA","AT2G03875,AT3G06365","transcript_region",5.32,12.22
"CTGTTTTTGGTCCCAAGGCT","AT2G03875,AT3G06365,AT3G28850,AT4G18230","protein,transcript_region",3.25,15.48
"CGTCGCTGCCGTGATCGTGG","AT3G06365","transcript_region",1.67,17.14
"GGTCGGCCAGTGAGACGGTG","ATCG00950","rRNA",1.64,18.78
"CCACTTGACACCTATCGTAA","ATCG01170","rRNA",1.54,20.32
"TTACGATAGGTGTCAAGTGG","ATCG00960","rRNA",1.51,21.84
"GCTCTCCCACAACCCCGTTT","ATCG01180","rRNA",1.4,23.24
"AAACGGGGTTGTGGGAGAGC","AT2G44735,ATCG00950","protein,rRNA",1.4,24.64
"TGGATACTAGGCGCTGTGCG","ATCG00920","rRNA",1.36,26
"CGCACAGCGCCTAGTATCCA","ATCG01210","rRNA",1.36,27.35
"AACTCTGAATACTAGATATG","ATCG00950","rRNA",1.28,28.63
"CTGATGATTCATGATAACTC","AT2G01010,AT3G41768,AT3G42310","protein,rRNA",1.26,29.89
"CGAGGGCACGTCTGCCTGGG","AT2G01020,AT3G06355,AT4G25250","lnc_RNA,protein,rRNA",1.16,31.05
"AGGTCATATCTAGTATTCAG","ATCG01180","rRNA",1.01,32.06
"TGAATACTAGATATGACCTC","ATCG00950","rRNA",0.95,33.02
"GGCAGTCTGTTCAGGGTTCCA","AT3G14880,ATCG01210","protein,rRNA",0.92,33.93
"TGGAACCCTGAACAGACTGCC","ATCG00920","rRNA",0.91,34.84
"GCTCGTCTCGCCGTGACCTTC","ATCG01170","rRNA",0.88,35.73
"GAAGGTCACGGCGAGACGAGC","ATCG00960","rRNA",0.88,36.61
"CGCGCTACACTGATGTATTCA","AT2G01010,AT3G41768","rRNA",0.85,37.46
"GCGGGTGCACCGCCGACCGAC","AT3G06365","transcript_region",0.77,38.23
"CCCAGGTGGCGAAGAGCCGAC","ATCG01180","rRNA",0.63,38.86
"GTCGGCTCTTCGCCACCTGGG","ATCG00950","rRNA",0.63,39.5
"AGAGAGTTGTCTCGCGCCCCTA","ATCG01180","rRNA",0.63,40.13
"TAGGGGCGCGAGACAACTCTCT","ATCG00950","rRNA",0.63,40.76
"AAATCTCAACCAGCCACTGC","AT1G05950,AT1G06260,AT1G18210,AT1G30170,AT1G35750,AT1G36920,AT1G52640,AT1G63660,AT1G69890,AT2G11890,AT2G36400,AT2G42400,AT3G06650,AT3G07460,AT3G30420,AT4G06686,AT4G16141,AT4G33830,AT4G33840,AT5G02120,AT5G03200,AT5G16260,AT5G22090,AT5G35930,AT5G41310,AT5G46820,AT5G48300,AT5G52260,AT5G63910","protein,transposable_element_gene",0.6,41.36
"TAACCCATGCTATACTCCCA","AT3G12710,ATCG00950","protein,rRNA",0.6,41.96
"CTGAATACTAGATATGACCT","AT3G17830,ATCG00950","protein,rRNA",0.59,42.55
"TGGGAGTATAGCATGGGTTA","ATCG01180","rRNA",0.58,43.14
