"Sequence","GeneID","Biotype","MeanPercentage","CumulativePercentage"
"GGCCGGGGGACGGACTGGGA","AT2G03875,AT3G06365","transcript_region",6.95,6.95
"CGGCTTGTCCCTTCGGTCGG","AT2G01010,AT3G41768,AT4G11830","protein,rRNA",5.51,12.45
"ACGCATTTATTAGATAAAAG","AT2G01010,AT2G28630,AT3G41768","protein,rRNA",5.3,17.75
"AAACGGGGTTGTGGGAGAGC","AT2G44735,ATCG00950","protein,rRNA",3.62,21.37
"GCTCTCCCACAACCCCGTTT","ATCG01180","rRNA",3.61,24.98
"TGGTCGGCTTGTCCCTTCGG","AT2G01010,AT3G41768,AT4G07875","rRNA,snRNA",2.89,27.86
"ACGTCTGCCTGGGTGTCACA","AT2G01020,AT3G06355","lnc_RNA,rRNA",1.92,29.78
"CTGTTTTTGGTCCCAAGGCT","AT2G03875,AT3G06365,AT3G28850,AT4G18230","protein,transcript_region",1.89,31.67
"CGAGGGCACGTCTGCCTGGG","AT2G01020,AT3G06355,AT4G25250","lnc_RNA,protein,rRNA",1.17,32.84
"CTGATGATTCATGATAACTC","AT2G01010,AT3G41768,AT3G42310","protein,rRNA",1.13,33.97
"GATGCCGACCAGGGATCAGC","AT2G01010,AT3G41768","rRNA",1,34.97
"GCTCGTCTCGCCGTGACCTTC","ATCG01170","rRNA",0.97,35.95
"GAAGGTCACGGCGAGACGAGC","ATCG00960","rRNA",0.97,36.91
"TGCCGGCCGGGGGACGGACT","AT2G03875,AT3G06365","transcript_region",0.75,37.66
"AGCCCAGCTTGAAAATCGGA","AT3G06365","transcript_region",0.66,38.33
"CGCACAGCGCCTAGTATCCA","ATCG01210","rRNA",0.66,38.99
"TGGATACTAGGCGCTGTGCG","ATCG00920","rRNA",0.65,39.64
"GTTGGTGGAGCGATTTGTCT","AT2G01010,AT3G41768,AT4G25230","protein,rRNA",0.62,40.26
"AAATCTCAACCAGCCACTGC","AT1G05950,AT1G06260,AT1G18210,AT1G30170,AT1G35750,AT1G36920,AT1G52640,AT1G63660,AT1G69890,AT2G11890,AT2G36400,AT2G42400,AT3G06650,AT3G07460,AT3G30420,AT4G06686,AT4G16141,AT4G33830,AT4G33840,AT5G02120,AT5G03200,AT5G16260,AT5G22090,AT5G35930,AT5G41310,AT5G46820,AT5G48300,AT5G52260,AT5G63910","protein,transposable_element_gene",0.6,40.87
"CTACGCCTAGGACACCAGAA","ATCG01160","rRNA",0.54,41.41
"CCGACCTGCCGGAAACGAACCAGCGAC","AT1G52860,AT2G15950,AT2G21570,AT2G36280,AT2G36860,AT3G48515,AT4G22265,AT4G39195,AT5G07315,AT5G50995","tRNA",0.51,41.92
"GCCGCTCACGCCCGGTCGTA","AT2G03875,AT3G06365","transcript_region",0.46,42.37
"CGCGCTACACTGATGTATTCA","AT2G01010,AT3G41768","rRNA",0.45,42.82
"CTCTCCCACAACCCCGTTTT","ATCG01180","rRNA",0.39,43.21
"AAAACGGGGTTGTGGGAGAG","AT5G16530,ATCG00950","protein,rRNA",0.38,43.59
"GTCGCTGGTTCGTTTCCGGCAGGTCGG","AT1G49460,AT3G18952,AT4G11177,AT5G03445,AT5G61835","tRNA",0.34,43.93
"CCCACCACGCTTCCGCTGCGCCACTC","AT1G42120,AT2G23020,AT2G23650,AT5G41675,AT5G54865","tRNA",0.34,44.28
"GATATCCTAACCGCTGGACGACATCGGA","AT1G20170,AT4G37175,AT5G27715,AT5G45715,AT5G66755","tRNA",0.34,44.61
"GGCAGTCTGTTCAGGGTTCCA","AT3G14880,ATCG01210","protein,rRNA",0.32,44.93
"TGGAACCCTGAACAGACTGCC","ATCG00920","rRNA",0.32,45.25
