"Sequence","GeneID","Biotype","MeanPercentage","CumulativePercentage"
"GGCCGGGGGACGGACTGGGA","AT2G03875,AT3G06365","transcript_region",7.98,7.98
"AAACGGGGTTGTGGGAGAGC","AT2G44735,ATCG00950","protein,rRNA",3.9,11.88
"GCTCTCCCACAACCCCGTTT","ATCG01180","rRNA",3.89,15.77
"ACGTCTGCCTGGGTGTCACA","AT2G01020,AT3G06355","lnc_RNA,rRNA",3.43,19.2
"ACGCATTTATTAGATAAAAG","AT2G01010,AT2G28630,AT3G41768","protein,rRNA",2.99,22.19
"CGGCTTGTCCCTTCGGTCGG","AT2G01010,AT3G41768,AT4G11830","protein,rRNA",1.9,24.09
"CTGTTTTTGGTCCCAAGGCT","AT2G03875,AT3G06365,AT3G28850,AT4G18230","protein,transcript_region",1.64,25.73
"GAAGGTCACGGCGAGACGAGC","ATCG00960","rRNA",1.48,27.21
"GCTCGTCTCGCCGTGACCTTC","ATCG01170","rRNA",1.47,28.68
"CGCGCTACACTGATGTATTCA","AT2G01010,AT3G41768","rRNA",1.21,29.89
"GTTGGTGGAGCGATTTGTCT","AT2G01010,AT3G41768,AT4G25230","protein,rRNA",1.13,31.02
"CGAGGGCACGTCTGCCTGGG","AT2G01020,AT3G06355,AT4G25250","lnc_RNA,protein,rRNA",1.09,32.11
"GCGAGCTACCAAACTGCTCTACCCCG","ATCG00320","tRNA",1.08,33.19
"TGCCGGCCGGGGGACGGACT","AT2G03875,AT3G06365","transcript_region",0.96,34.15
"GATGCCGACCAGGGATCAGC","AT2G01010,AT3G41768","rRNA",0.87,35.02
"CTGATGATTCATGATAACTC","AT2G01010,AT3G41768,AT3G42310","protein,rRNA",0.85,35.87
"CGCACAGCGCCTAGTATCCA","ATCG01210","rRNA",0.79,36.66
"TGGATACTAGGCGCTGTGCG","ATCG00920","rRNA",0.78,37.44
"GATATCCTAACCGCTGGACGACATCGGA","AT1G20170,AT4G37175,AT5G27715,AT5G45715,AT5G66755","tRNA",0.72,38.16
"TGGTCGGCTTGTCCCTTCGG","AT2G01010,AT3G41768,AT4G07875","rRNA,snRNA",0.7,38.86
"CCGACCTGCCGGAAACGAACCAGCGAC","AT1G52860,AT2G15950,AT2G21570,AT2G36280,AT2G36860,AT3G48515,AT4G22265,AT4G39195,AT5G07315,AT5G50995","tRNA",0.63,39.48
"CGTCGCTGCCGTGATCGTGG","AT3G06365","transcript_region",0.58,40.06
"AGCCCAGCTTGAAAATCGGA","AT3G06365","transcript_region",0.51,40.57
"AAATCTCAACCAGCCACTGC","AT1G05950,AT1G06260,AT1G18210,AT1G30170,AT1G35750,AT1G36920,AT1G52640,AT1G63660,AT1G69890,AT2G11890,AT2G36400,AT2G42400,AT3G06650,AT3G07460,AT3G30420,AT4G06686,AT4G16141,AT4G33830,AT4G33840,AT5G02120,AT5G03200,AT5G16260,AT5G22090,AT5G35930,AT5G41310,AT5G46820,AT5G48300,AT5G52260,AT5G63910","protein,transposable_element_gene",0.49,41.07
"GCGGGTGCACCGCCGACCGAC","AT3G06365","transcript_region",0.49,41.55
"TAACCGCTGGACGATAACGGA","AT1G75970,AT3G50505","tRNA",0.47,42.02
"GGTCGGCCAGTGAGACGGTG","ATCG00950","rRNA",0.43,42.45
"GTCGCTGGTTCGTTTCCGGCAGGTCGG","AT1G49460,AT3G18952,AT4G11177,AT5G03445,AT5G61835","tRNA",0.43,42.89
"ATGATTAACAGGGACAGTCGGG","AT2G01010,AT3G41768","rRNA",0.43,43.31
"AAAATAGCTCGACGCCAGGA","ATCG00970","rRNA",0.4,43.71
