"Sequence","GeneID","Biotype","MeanPercentage","CumulativePercentage"
"GGCCGGGGGACGGACTGGGA","AT2G03875,AT3G06365","transcript_region",8.04,8.04
"AAACGGGGTTGTGGGAGAGC","AT2G44735,ATCG00950","protein,rRNA",5.51,13.55
"GCTCTCCCACAACCCCGTTT","ATCG01180","rRNA",5.47,19.02
"CGGCTTGTCCCTTCGGTCGG","AT2G01010,AT3G41768,AT4G11830","protein,rRNA",3.35,22.37
"ACGCATTTATTAGATAAAAG","AT2G01010,AT2G28630,AT3G41768","protein,rRNA",3.08,25.46
"TGGTCGGCTTGTCCCTTCGG","AT2G01010,AT3G41768,AT4G07875","rRNA,snRNA",1.82,27.28
"CTGTTTTTGGTCCCAAGGCT","AT2G03875,AT3G06365,AT3G28850,AT4G18230","protein,transcript_region",1.55,28.83
"ACGTCTGCCTGGGTGTCACA","AT2G01020,AT3G06355","lnc_RNA,rRNA",1.54,30.36
"CTGATGATTCATGATAACTC","AT2G01010,AT3G41768,AT3G42310","protein,rRNA",1.05,31.42
"CGCACAGCGCCTAGTATCCA","ATCG01210","rRNA",0.85,32.27
"TGGATACTAGGCGCTGTGCG","ATCG00920","rRNA",0.85,33.12
"CCGACCTGCCGGAAACGAACCAGCGAC","AT1G52860,AT2G15950,AT2G21570,AT2G36280,AT2G36860,AT3G48515,AT4G22265,AT4G39195,AT5G07315,AT5G50995","tRNA",0.82,33.94
"TGCCGGCCGGGGGACGGACT","AT2G03875,AT3G06365","transcript_region",0.78,34.71
"GGCAGTCTGTTCAGGGTTCCA","AT3G14880,ATCG01210","protein,rRNA",0.76,35.47
"TGGAACCCTGAACAGACTGCC","ATCG00920","rRNA",0.75,36.22
"GATGCCGACCAGGGATCAGC","AT2G01010,AT3G41768","rRNA",0.74,36.96
"GTTGGTGGAGCGATTTGTCT","AT2G01010,AT3G41768,AT4G25230","protein,rRNA",0.7,37.65
"AAAACGGGGTTGTGGGAGAG","AT5G16530,ATCG00950","protein,rRNA",0.68,38.33
"CTCTCCCACAACCCCGTTTT","ATCG01180","rRNA",0.68,39.01
"GCTCGTCTCGCCGTGACCTTC","ATCG01170","rRNA",0.67,39.67
"GAAGGTCACGGCGAGACGAGC","ATCG00960","rRNA",0.65,40.33
"CGAGGGCACGTCTGCCTGGG","AT2G01020,AT3G06355,AT4G25250","lnc_RNA,protein,rRNA",0.6,40.93
"ATGATTAACAGGGACAGTCGGG","AT2G01010,AT3G41768","rRNA",0.57,41.5
"GTCGCTGGTTCGTTTCCGGCAGGTCGG","AT1G49460,AT3G18952,AT4G11177,AT5G03445,AT5G61835","tRNA",0.57,42.07
"GCGAGCTACCAAACTGCTCTACCCCG","ATCG00320","tRNA",0.57,42.64
"CCCACCACGCTTCCGCTGCGCCACTC","AT1G42120,AT2G23020,AT2G23650,AT5G41675,AT5G54865","tRNA",0.54,43.18
"CGCGCTACACTGATGTATTCA","AT2G01010,AT3G41768","rRNA",0.47,43.65
"ACATAGTAAGGATTGACAGA","AT2G01010,AT3G41768","rRNA",0.44,44.08
"GGGGACGGACTGGGAACGGCT","AT2G03875,AT3G06365","transcript_region",0.43,44.52
"AAATCTCAACCAGCCACTGC","AT1G05950,AT1G06260,AT1G18210,AT1G30170,AT1G35750,AT1G36920,AT1G52640,AT1G63660,AT1G69890,AT2G11890,AT2G36400,AT2G42400,AT3G06650,AT3G07460,AT3G30420,AT4G06686,AT4G16141,AT4G33830,AT4G33840,AT5G02120,AT5G03200,AT5G16260,AT5G22090,AT5G35930,AT5G41310,AT5G46820,AT5G48300,AT5G52260,AT5G63910","protein,transposable_element_gene",0.41,44.93
